0.9807, 2, 6, 1
      1.35      1.75     66.80    0.132180892725666D+07
      1.35      2.25     66.80    0.142597658799243D+06
      1.35      2.75     66.80   -0.158608812468551D+07
      1.35      3.50     66.80    0.716238825355439D+06
      1.35      4.50     66.80   -0.620627285362795D+06
      1.35      5.50     66.80   -0.896404936467588D+05
      1.35      6.50     66.80    0.384548226748787D+06
      1.50      1.50     66.80    0.346093155875309D+07
      1.50      2.00     66.80   -0.148566421460359D+07
      1.50      2.50     66.80   -0.276406053932359D+07
      1.50      3.00     66.80    0.192113843136891D+07
      1.75      1.75     66.80   -0.263064784258443D+06
      1.75      2.25     66.80   -0.318115633851580D+06
      1.75      2.75     66.80    0.572204846132008D+07
      1.75      3.50     66.80   -0.111350504905833D+08
      1.75      4.50     66.80    0.163229580315670D+08
      1.75      5.50     66.80   -0.903986130192184D+07
      1.75      6.50     66.80    0.506085592738608D+06
      2.00      1.50     66.80   -0.267265557760327D+06
      2.00      2.00     66.80    0.465808729351037D+07
      2.00      2.50     66.80   -0.119892569011891D+07
      2.00      3.00     66.80   -0.602738819192600D+07
      2.25      1.75     66.80   -0.411559224243916D+06
      2.25      2.25     66.80   -0.498836880277312D+07
      2.25      2.75     66.80   -0.569954027450915D+07
      2.25      3.50     66.80    0.495678488601709D+08
      2.25      4.50     66.80   -0.868945524368256D+08
      2.25      5.50     66.80    0.617430187441787D+08
      2.25      6.50     66.80   -0.137342259784433D+08
      2.50      1.50     66.80   -0.233737083153000D+07
      2.50      2.00     66.80   -0.426367871957504D+07
      2.50      2.50     66.80    0.457380910022288D+07
      2.50      3.00     66.80    0.511976388295723D+07
      2.75      1.75     66.80   -0.510820056554959D+07
      2.75      2.25     66.80    0.128682533350867D+08
      2.75      2.75     66.80    0.106333735990248D+08
      2.75      3.50     66.80   -0.851571657156049D+08
      2.75      4.50     66.80    0.153702691731365D+09
      2.75      5.50     66.80   -0.119043628803731D+09
      2.75      6.50     66.80    0.343001377072696D+08
      3.00      1.50     66.80    0.331491639823678D+07
      3.00      2.00     66.80    0.234661669622725D+07
      3.00      2.50     66.80   -0.144241046606753D+08
      3.00      3.00     66.80    0.225713930695314D+08
      3.25      1.75     66.80    0.692901641975227D+07
      3.25      2.25     66.80   -0.123962803903880D+08
      3.25      2.75     66.80   -0.593445850301523D+07
      3.25      3.50     66.80    0.494978703960698D+08
      3.25      4.50     66.80   -0.129653607829481D+09
      3.25      5.50     66.80    0.779877805252688D+08
      3.25      6.50     66.80   -0.223413972130580D+08
      3.50      1.50     66.80   -0.666948465724373D+07
      3.50      2.00     66.80    0.164322844384523D+06
      3.50      2.50     66.80    0.121154016835165D+08
      3.50      3.00     66.80   -0.127275021798661D+07
      4.00      1.50     66.80    0.506402989283558D+07
      4.00      2.00     66.80   -0.314881511353276D+07
      4.00      2.50     66.80    0.745562400237952D+07
      4.00      3.00     66.80   -0.399418537091900D+08
      4.00      3.50     66.80    0.396776510632644D+08
      5.00      1.50     66.80   -0.231437572320027D+07
      5.00      2.00     66.80    0.159481662234388D+07
      5.00      2.50     66.80   -0.588821348530694D+07
      5.00      3.00     66.80    0.229893130870327D+08
      5.00      3.50     66.80   -0.313973686924039D+08
      6.00      1.50     66.80    0.538621953811288D+06
      6.00      2.00     66.80   -0.151633931608784D+07
      6.00      2.50     66.80    0.135334043558223D+08
      6.00      3.00     66.80   -0.340385698661374D+08
      6.00      3.50     66.80    0.136203768604429D+08
      1.84      9.28     66.80   -0.142750173629860D+05
      1.84     10.28     66.80    0.274582411620231D+05
      1.84     12.28     66.80    0.104294042921287D+05
      1.84     16.28     66.80   -0.110432333213906D+05
      1.35      1.75     90.00   -0.194772166660176D+07
      1.35      2.25     90.00   -0.100534847655222D+07
      1.35      2.75     90.00    0.294712262182366D+07
      1.35      3.50     90.00    0.487062568491092D+05
      1.35      4.50     90.00   -0.480903091121157D+06
      1.35      5.50     90.00    0.204310449968922D+07
      1.35      6.50     90.00   -0.175885417410534D+07
      1.50      1.50     90.00   -0.535400843769157D+07
      1.50      2.00     90.00    0.658552914824189D+06
      1.50      2.50     90.00    0.794067554884695D+07
      1.50      3.00     90.00   -0.543395575655972D+07
      1.75      1.75     90.00   -0.568893086429643D+06
      1.75      2.25     90.00    0.257680673457145D+07
      1.75      2.75     90.00   -0.147995379889848D+08
      1.75      3.50     90.00    0.229689535088906D+08
      1.75      4.50     90.00   -0.300799358983520D+08
      1.75      5.50     90.00    0.106188170610339D+08
      1.75      6.50     90.00    0.391558105694225D+07
      2.00      1.50     90.00   -0.147766348458232D+07
      2.00      2.00     90.00   -0.789636172853880D+07
      2.00      2.50     90.00    0.782403732041052D+06
      2.00      3.00     90.00    0.196988339967667D+08
      2.25      1.75     90.00   -0.607818076745517D+05
      2.25      2.25     90.00    0.127567533264912D+08
      2.25      2.75     90.00    0.147957221624264D+08
      2.25      3.50     90.00   -0.116668791503220D+09
      2.25      4.50     90.00    0.166773370649032D+09
      2.25      5.50     90.00   -0.939754867006891D+08
      2.25      6.50     90.00    0.776945999277283D+07
      2.50      1.50     90.00    0.636064239363526D+07
      2.50      2.00     90.00    0.103310577481653D+08
      2.50      2.50     90.00   -0.143328978711275D+08
      2.50      3.00     90.00   -0.158227438818916D+07
      2.75      1.75     90.00    0.133518956829899D+08
      2.75      2.25     90.00   -0.321741095719143D+08
      2.75      2.75     90.00   -0.203756118977262D+08
      2.75      3.50     90.00    0.162400310532044D+09
      2.75      4.50     90.00   -0.268823706452739D+09
      2.75      5.50     90.00    0.165126969269478D+09
      2.75      6.50     90.00   -0.225554947410906D+08
      3.00      1.50     90.00   -0.991414891644515D+07
      3.00      2.00     90.00   -0.516756010722576D+07
      3.00      2.50     90.00    0.349668432012062D+08
      3.00      3.00     90.00   -0.490447843243141D+08
      3.25      1.75     90.00   -0.171876567438829D+08
      3.25      2.25     90.00    0.289853788571996D+08
      3.25      2.75     90.00    0.517494228607269D+07
      3.25      3.50     90.00   -0.731156600934182D+08
      3.25      4.50     90.00    0.215848947764663D+09
      3.25      5.50     90.00   -0.943160961075342D+08
      3.25      6.50     90.00    0.522666419303590D+07
      3.50      1.50     90.00    0.179850204230685D+08
      3.50      2.00     90.00   -0.247552247803155D+07
      3.50      2.50     90.00   -0.106233364292305D+08
      3.50      3.00     90.00   -0.244341487897533D+08
      4.00      1.50     90.00   -0.117889752991795D+08
      4.00      2.00     90.00    0.806789332171480D+07
      4.00      2.50     90.00   -0.352419771357193D+08
      4.00      3.00     90.00    0.115419200799905D+09
      4.00      3.50     90.00   -0.842382230776846D+08
      5.00      1.50     90.00    0.390606633648090D+07
      5.00      2.00     90.00   -0.119239033524138D+07
      5.00      2.50     90.00    0.274638681821127D+08
      5.00      3.00     90.00   -0.917194163994846D+08
      5.00      3.50     90.00    0.768012304008735D+08
      6.00      1.50     90.00   -0.693950121995664D+06
      6.00      2.00     90.00    0.310623507923601D+07
      6.00      2.50     90.00   -0.558015545979585D+08
      6.00      3.00     90.00    0.152595860446468D+09
      6.00      3.50     90.00   -0.837952565612310D+08
      1.35      1.75    110.00    0.193964909359572D+06
      1.35      2.25    110.00    0.248149958653008D+07
      1.35      2.75    110.00   -0.833669932762879D+06
      1.35      3.50    110.00   -0.519262080648529D+07
      1.35      4.50    110.00    0.299826072919570D+07
      1.35      5.50    110.00   -0.288053907171613D+07
      1.35      6.50    110.00    0.146006860975331D+07
      1.50      1.50    110.00    0.170364690074362D+07
      1.50      2.00    110.00    0.302805018172170D+07
      1.50      2.50    110.00   -0.131871933096422D+08
      1.50      3.00    110.00    0.104207288451403D+08
      1.75      1.75    110.00    0.716059183972636D+06
      1.75      2.25    110.00   -0.461558696200401D+07
      1.75      2.75    110.00    0.169923552911476D+08
      1.75      3.50    110.00   -0.681263353200716D+07
      1.75      4.50    110.00    0.137258803409939D+08
      1.75      5.50    110.00   -0.132051629123905D+07
      1.75      6.50    110.00   -0.380377137853929D+07
      2.00      1.50    110.00    0.400047873827041D+07
      2.00      2.00    110.00    0.260761691348404D+07
      2.00      2.50    110.00    0.169693393311203D+08
      2.00      3.00    110.00   -0.559435168055717D+08
      2.25      1.75    110.00    0.352900640640613D+07
      2.25      2.25    110.00   -0.156778959961232D+08
      2.25      2.75    110.00   -0.750916907226402D+07
      2.25      3.50    110.00    0.103806172051990D+09
      2.25      4.50    110.00   -0.995672540829697D+08
      2.25      5.50    110.00    0.365854817140853D+08
      2.25      6.50    110.00    0.407708654142091D+07
      2.50      1.50    110.00   -0.901289044357364D+07
      2.50      2.00    110.00   -0.515188888568527D+07
      2.50      2.50    110.00   -0.411631344137096D+07
      2.50      3.00    110.00    0.136964490839555D+08
      2.75      1.75    110.00   -0.138484723440943D+08
      2.75      2.25    110.00    0.313200058148046D+08
      2.75      2.75    110.00    0.246510698723047D+08
      2.75      3.50    110.00   -0.126883753122394D+09
      2.75      4.50    110.00    0.134509146678825D+09
      2.75      5.50    110.00   -0.307508615867367D+08
      2.75      6.50    110.00   -0.240298519819879D+08
      3.00      1.50    110.00    0.140586068322558D+08
      3.00      2.00    110.00   -0.928701114753691D+05
      3.00      2.50    110.00   -0.258322842792534D+08
      3.00      3.00    110.00    0.309626500582690D+08
      3.25      1.75    110.00    0.161311260309359D+08
      3.25      2.25    110.00   -0.226987933842605D+08
      3.25      2.75    110.00   -0.117609067392581D+08
      3.25      3.50    110.00    0.611096161293923D+08
      3.25      4.50    110.00   -0.953283963080673D+08
      3.25      5.50    110.00   -0.111085605136682D+08
      3.25      6.50    110.00    0.378447107075021D+08
      3.50      1.50    110.00   -0.200030709622762D+08
      3.50      2.00    110.00    0.393036198194566D+07
      3.50      2.50    110.00    0.222123432672222D+07
      3.50      3.00    110.00    0.285707971806349D+08
      4.00      1.50    110.00    0.107136306196951D+08
      4.00      2.00    110.00   -0.633070888128821D+07
      4.00      2.50    110.00    0.419074667820230D+08
      4.00      3.00    110.00   -0.101127335973669D+09
      4.00      3.50    110.00    0.338718534237839D+08
      5.00      1.50    110.00   -0.155254346002616D+07
      5.00      2.00    110.00   -0.284002780841667D+07
      5.00      2.50    110.00   -0.591775697725110D+08
      5.00      3.00    110.00    0.177161696028545D+09
      5.00      3.50    110.00   -0.943154600667667D+08
      6.00      1.50    110.00   -0.403898031965841D+06
      6.00      2.00    110.00   -0.382718583897100D+07
      6.00      2.50    110.00    0.115979135821646D+09
      6.00      3.00    110.00   -0.323712762396780D+09
      6.00      3.50    110.00    0.198785393357119D+09
      1.35      1.75    130.00    0.135430063825473D+07
      1.35      2.25    130.00   -0.678073943197982D+07
      1.35      2.75    130.00   -0.101193140432820D+07
      1.35      3.50    130.00    0.179010831431426D+08
      1.35      4.50    130.00   -0.508676903415457D+07
      1.35      5.50    130.00    0.212895985373322D+07
      1.35      6.50    130.00   -0.345067666106974D+06
      1.50      1.50    130.00   -0.745825141405184D+05
      1.50      2.00    130.00   -0.522886336019687D+07
      1.50      2.50    130.00    0.322386133303565D+08
      1.50      3.00    130.00   -0.325780435028634D+08
      1.75      1.75    130.00    0.434475735088200D+06
      1.75      2.25    130.00    0.129371914966200D+08
      1.75      2.75    130.00   -0.299836582437977D+08
      1.75      3.50    130.00   -0.454654186484507D+08
      1.75      4.50    130.00    0.151503017576045D+08
      1.75      5.50    130.00   -0.245895468428622D+07
      1.75      6.50    130.00   -0.169259526160391D+07
      2.00      1.50    130.00   -0.562024610332227D+07
      2.00      2.00    130.00    0.800437428919029D+07
      2.00      2.50    130.00   -0.886452140257867D+08
      2.00      3.00    130.00    0.206199331126631D+09
      2.25      1.75    130.00    0.994385291649795D+06
      2.25      2.25    130.00    0.147385692526713D+08
      2.25      2.75    130.00   -0.424567976629174D+08
      2.25      3.50    130.00   -0.629090754356705D+08
      2.25      4.50    130.00   -0.538844356172660D+07
      2.25      5.50    130.00    0.366499277527853D+07
      2.25      6.50    130.00    0.743861505733441D+07
      2.50      1.50    130.00    0.147582441458041D+08
      2.50      2.00    130.00   -0.345878224108275D+08
      2.50      2.50    130.00    0.895878611953362D+08
      2.50      3.00    130.00   -0.699549758517197D+08
      2.75      1.75    130.00   -0.143920248796278D+07
      2.75      2.25    130.00    0.153216230228702D+07
      2.75      2.75    130.00   -0.125345228106130D+08
      2.75      3.50    130.00    0.531293931919632D+08
      2.75      4.50    130.00    0.226575636107785D+08
      2.75      5.50    130.00   -0.222881407180644D+08
      2.75      6.50    130.00   -0.133761731167854D+08
      3.00      1.50    130.00   -0.205390666521138D+08
      3.00      2.00    130.00    0.416715193694228D+08
      3.00      2.50    130.00   -0.107344056478081D+08
      3.00      3.00    130.00   -0.775090217313621D+08
      3.25      1.75    130.00   -0.260077672284058D+07
      3.25      2.25    130.00   -0.270505961921853D+08
      3.25      2.75    130.00    0.344469035224243D+08
      3.25      3.50    130.00    0.531329493624989D+08
      3.25      4.50    130.00   -0.202466563919629D+08
      3.25      5.50    130.00    0.104465170480493D+07
      3.25      6.50    130.00    0.285337512388221D+08
      3.50      1.50    130.00    0.244122231031972D+08
      3.50      2.00    130.00   -0.172818536442697D+08
      3.50      2.50    130.00   -0.157133115798946D+08
      3.50      3.00    130.00    0.104805301338415D+08
      4.00      1.50    130.00   -0.196139228978425D+08
      4.00      2.00    130.00    0.165089351645252D+08
      4.00      2.50    130.00   -0.819340955114023D+07
      4.00      3.00    130.00    0.709166886869137D+08
      4.00      3.50    130.00   -0.654916102415757D+08
      5.00      1.50    130.00    0.114899795141603D+08
      5.00      2.00    130.00   -0.182580948343952D+08
      5.00      2.50    130.00    0.473977513380535D+08
      5.00      3.00    130.00   -0.811824947197523D+08
      5.00      3.50    130.00   -0.105938425862479D+08
      6.00      1.50    130.00   -0.697357466277100D+07
      6.00      2.00    130.00    0.211634399209653D+08
      6.00      2.50    130.00   -0.113572311910354D+09
      6.00      3.00    130.00    0.250691275867245D+09
      6.00      3.50    130.00   -0.107014866292867D+09
      1.35      1.75    150.00    0.139467507121265D+07
      1.35      2.25    150.00    0.548874567121212D+07
      1.35      2.75    150.00    0.625606206735761D+07
      1.35      3.50    150.00   -0.402053587165076D+08
      1.35      4.50    150.00    0.806597973904905D+06
      1.35      5.50    150.00   -0.651505446424666D+07
      1.35      6.50    150.00    0.292073189509817D+07
      1.50      1.50    150.00   -0.854985127650057D+06
      1.50      2.00    150.00    0.176400422009198D+07
      1.50      2.50    150.00   -0.638496983644330D+08
      1.50      3.00    150.00    0.927489950677386D+08
      1.75      1.75    150.00    0.171662600868191D+07
      1.75      2.25    150.00   -0.286846289446739D+08
      1.75      2.75    150.00    0.845222471460459D+08
      1.75      3.50    150.00    0.139007290799572D+09
      1.75      4.50    150.00   -0.417459912107007D+08
      1.75      5.50    150.00    0.153339131147014D+08
      1.75      6.50    150.00   -0.107146585771969D+08
      2.00      1.50    150.00    0.948249861280114D+07
      2.00      2.00    150.00   -0.114208895535757D+08
      2.00      2.50    150.00    0.193529415278737D+09
      2.00      3.00    150.00   -0.589285746840147D+09
      2.25      1.75    150.00   -0.184918226319422D+08
      2.25      2.25    150.00   -0.141236872241650D+08
      2.25      2.75    150.00    0.133876217572885D+09
      2.25      3.50    150.00    0.765841388811036D+08
      2.25      4.50    150.00    0.807845212442193D+08
      2.25      5.50    150.00   -0.740884205349007D+08
      2.25      6.50    150.00    0.220739194258109D+08
      2.50      1.50    150.00   -0.173969015428313D+08
      2.50      2.00    150.00    0.625832247196749D+08
      2.50      2.50    150.00   -0.135418239200355D+09
      2.50      3.00    150.00    0.113779013102319D+09
      2.75      1.75    150.00    0.146052606966306D+08
      2.75      2.25    150.00    0.267417503986621D+08
      2.75      2.75    150.00   -0.663449241459247D+08
      2.75      3.50    150.00    0.747262431799075D+08
      2.75      4.50    150.00   -0.765111540450056D+08
      2.75      5.50    150.00    0.941635604880754D+08
      2.75      6.50    150.00    0.827149304312107D+07
      3.00      1.50    150.00    0.145836729094139D+08
      3.00      2.00    150.00   -0.978691530009224D+08
      3.00      2.50    150.00    0.197615547066982D+08
      3.00      3.00    150.00    0.196683539776248D+09
      3.25      1.75    150.00   -0.315599335067784D+08
      3.25      2.25    150.00    0.697314600836717D+08
      3.25      2.75    150.00   -0.223983488662552D+08
      3.25      3.50    150.00   -0.337111781757242D+09
      3.25      4.50    150.00    0.111113434850811D+09
      3.25      5.50    150.00    0.477630464371020D+08
      3.25      6.50    150.00   -0.621348808218398D+08
      3.50      1.50    150.00    0.211009664745054D+07
      3.50      2.00    150.00    0.500759702804523D+08
      3.50      2.50    150.00   -0.113348058941926D+08
      3.50      3.00    150.00    0.294717490288831D+08
      4.00      1.50    150.00    0.241613478613225D+08
      4.00      2.00    150.00   -0.170873821390102D+08
      4.00      2.50    150.00    0.941455143872431D+07
      4.00      3.00    150.00   -0.167936363672429D+09
      4.00      3.50    150.00    0.229242382206453D+09
      5.00      1.50    150.00   -0.345296724371682D+08
      5.00      2.00    150.00    0.401964348474893D+08
      5.00      2.50    150.00    0.181931848936736D+08
      5.00      3.00    150.00   -0.177537948984395D+09
      5.00      3.50    150.00    0.843708167419785D+08
      6.00      1.50    150.00    0.184979194018115D+08
      6.00      2.00    150.00   -0.608520885846471D+07
      6.00      2.50    150.00    0.177808567994468D+08
      6.00      3.00    150.00    0.829759275617841D+08
      6.00      3.50    150.00   -0.208935375255995D+09
      1.35      1.75    170.00   -0.290847846438244D+08
      1.35      2.25    170.00    0.540253765929936D+08
      1.35      2.75    170.00   -0.560795328264691D+08
      1.35      3.50    170.00    0.975246751801708D+08
      1.35      4.50    170.00    0.593174315764618D+08
      1.35      5.50    170.00    0.142279991555807D+08
      1.35      6.50    170.00   -0.309139312363105D+07
      1.50      1.50    170.00    0.112267132967493D+08
      1.50      2.00    170.00    0.412507350163817D+08
      1.50      2.50    170.00    0.938751437368283D+08
      1.50      3.00    170.00   -0.310763888486382D+09
      1.75      1.75    170.00   -0.822102226448797D+07
      1.75      2.25    170.00    0.260059998737287D+08
      1.75      2.75    170.00   -0.302399642254635D+09
      1.75      3.50    170.00   -0.425660471357031D+09
      1.75      4.50    170.00    0.312984728840000D+08
      1.75      5.50    170.00    0.615892728106485D+07
      1.75      6.50    170.00    0.226348407856008D+08
      2.00      1.50    170.00   -0.160155345585129D+08
      2.00      2.00    170.00   -0.539154779184331D+08
      2.00      2.50    170.00   -0.311481777338445D+09
      2.00      3.00    170.00    0.199285396919189D+10
      2.25      1.75    170.00    0.289802573601983D+08
      2.25      2.25    170.00    0.329700375471331D+08
      2.25      2.75    170.00   -0.316824812067237D+09
      2.25      3.50    170.00   -0.264005197198072D+09
      2.25      4.50    170.00    0.123889790867456D+08
      2.25      5.50    170.00    0.127736790404035D+09
      2.25      6.50    170.00   -0.139358923178001D+07
      2.50      1.50    170.00   -0.234346771301754D+08
      2.50      2.00    170.00    0.169632030958259D+09
      2.50      2.50    170.00   -0.194387091436956D+09
      2.50      3.00    170.00   -0.229078430182464D+09
      2.75      1.75    170.00    0.657292636468725D+08
      2.75      2.25    170.00   -0.612791336299788D+09
      2.75      2.75    170.00    0.275244900878155D+09
      2.75      3.50    170.00   -0.346904134944214D+08
      2.75      4.50    170.00   -0.705584938777912D+09
      2.75      5.50    170.00   -0.188035973266693D+09
      2.75      6.50    170.00    0.100168417662387D+09
      3.00      1.50    170.00    0.110154344956130D+09
      3.00      2.00    170.00    0.209966742266262D+08
      3.00      2.50    170.00    0.137906240316211D+09
      3.00      3.00    170.00    0.775048133552456D+08
      3.25      1.75    170.00    0.180649461869756D+09
      3.25      2.25    170.00    0.151192693270852D+09
      3.25      2.75    170.00    0.565216293536712D+07
      3.25      3.50    170.00   -0.114814725022793D+09
      3.25      4.50    170.00    0.976035903044412D+08
      3.25      5.50    170.00   -0.700759901734474D+08
      3.25      6.50    170.00   -0.402645383647401D+09
      3.50      1.50    170.00   -0.334245132222413D+09
      3.50      2.00    170.00   -0.550529201170340D+08
      3.50      2.50    170.00    0.694273216561279D+08
      3.50      3.00    170.00   -0.883227492975145D+08
      4.00      1.50    170.00    0.129245905041646D+09
      4.00      2.00    170.00   -0.246106209957268D+09
      4.00      2.50    170.00   -0.246323132429849D+08
      4.00      3.00    170.00   -0.474899750727704D+08
      4.00      3.50    170.00    0.318825511422836D+09
      5.00      1.50    170.00    0.353534828118834D+08
      5.00      2.00    170.00    0.155854375343807D+09
      5.00      2.50    170.00   -0.495697294513010D+08
      5.00      3.00    170.00   -0.261245485001337D+08
      5.00      3.50    170.00    0.101679498157893D+10
      6.00      1.50    170.00    0.139021708459966D+08
      6.00      2.00    170.00   -0.353803166715819D+09
      6.00      2.50    170.00   -0.674614490454745D+07
      6.00      3.00    170.00    0.320984504017405D+09
      6.00      3.50    170.00    0.290820299396618D+08
      1.35      1.75    180.00    0.268385107906104D+08
      1.35      2.25    180.00   -0.543633195018106D+08
      1.35      2.75    180.00    0.502649952188720D+08
      1.35      3.50    180.00   -0.707654338329328D+08
      1.35      4.50    180.00   -0.569836908167968D+08
      1.35      5.50    180.00   -0.887862923456869D+07
      1.35      6.50    180.00    0.413251724963567D+06
      1.50      1.50    180.00   -0.993845726935777D+07
      1.50      2.00    180.00   -0.401113404033939D+08
      1.50      2.50    180.00   -0.542922319203670D+08
      1.50      3.00    180.00    0.243720356042495D+09
      1.75      1.75    180.00    0.612019890645332D+07
      1.75      2.25    180.00   -0.779934586789995D+07
      1.75      2.75    180.00    0.240002942206537D+09
      1.75      3.50    180.00    0.326854795660302D+09
      1.75      4.50    180.00   -0.420623598688432D+07
      1.75      5.50    180.00   -0.196999229710154D+08
      1.75      6.50    180.00   -0.107211963664940D+08
      2.00      1.50    180.00    0.984157485819264D+07
      2.00      2.00    180.00    0.581901697529575D+08
      2.00      2.50    180.00    0.189984828132968D+09
      2.00      3.00    180.00   -0.156760254991286D+10
      2.25      1.75    180.00   -0.145301740083392D+08
      2.25      2.25    180.00   -0.258477170463137D+08
      2.25      2.75    180.00    0.223893942375236D+09
      2.25      3.50    180.00    0.214476939757611D+09
      2.25      4.50    180.00   -0.705795771038423D+08
      2.25      5.50    180.00   -0.593127112081616D+08
      2.25      6.50    180.00   -0.270536205248109D+08
      2.50      1.50    180.00    0.310059673925916D+08
      2.50      2.00    180.00   -0.198630137451498D+09
      2.50      2.50    180.00    0.254140950566147D+09
      2.50      3.00    180.00    0.168393105502961D+09
      2.75      1.75    180.00   -0.733880094867481D+08
      2.75      2.25    180.00    0.572782027108285D+09
      2.75      2.75    180.00   -0.211009007009410D+09
      2.75      3.50    180.00   -0.459075100770470D+08
      2.75      4.50    180.00    0.744656282009074D+09
      2.75      5.50    180.00    0.961864242720634D+08
      2.75      6.50    180.00   -0.809334682615990D+08
      3.00      1.50    180.00   -0.111609088019949D+09
      3.00      2.00    180.00    0.381257165224530D+08
      3.00      2.50    180.00   -0.141855087760269D+09
      3.00      3.00    180.00   -0.200595002466747D+09
      3.25      1.75    180.00   -0.152194058432400D+09
      3.25      2.25    180.00   -0.188088233519946D+09
      3.25      2.75    180.00   -0.551954247657723D+07
      3.25      3.50    180.00    0.363143810877803D+09
      3.25      4.50    180.00   -0.183172956894860D+09
      3.25      5.50    180.00    0.514774805616516D+08
      3.25      6.50    180.00    0.414236753802570D+09
      3.50      1.50    180.00    0.316286183008388D+09
      3.50      2.00    180.00    0.206730783077929D+08
      3.50      2.50    180.00   -0.457610046011567D+08
      3.50      3.00    180.00    0.452671244697928D+08
      4.00      1.50    180.00   -0.137668350307293D+09
      4.00      2.00    180.00    0.247899109130550D+09
      4.00      2.50    180.00    0.990759746205761D+07
      4.00      3.00    180.00    0.168937324757622D+09
      4.00      3.50    180.00   -0.470594895293088D+09
      5.00      1.50    180.00   -0.124253467155951D+08
      5.00      2.00    180.00   -0.175276987496988D+09
      5.00      2.50    180.00    0.213683240678054D+08
      5.00      3.00    180.00    0.177298505176939D+09
      5.00      3.50    180.00   -0.104327866280236D+10
      6.00      1.50    180.00   -0.249125721727499D+08
      6.00      2.00    180.00    0.340996135197823D+09
      6.00      2.50    180.00    0.289605584979382D+08
      6.00      3.00    180.00   -0.449877797544403D+09
      6.00      3.50    180.00    0.158197935303525D+09
      3.93      2.42    180.00   -0.645703134162056D+05
      4.03      2.32    180.00    0.358677088928978D+06
      4.03      2.42    180.00   -0.722934545887120D+06
      4.13      2.22    180.00    0.102385774656797D+06
      4.13      2.32    180.00   -0.193080676161917D+08
      4.13      2.42    180.00   -0.143736475532160D+08
      4.13      2.52    180.00    0.675121174135813D+06
      4.23      2.12    180.00   -0.231664569295665D+05
      4.23      2.22    180.00   -0.957060875824478D+05
      4.23      2.32    180.00   -0.216505735274177D+08
      4.23      2.42    180.00   -0.195454280234183D+08
      4.23      2.52    180.00    0.263267341160043D+08
      4.23      2.72    180.00    0.383304638361641D+05
      4.23      2.92    180.00    0.751176789729694D+05
      4.33      2.32    180.00    0.357571957354462D+06
      4.33      2.42    180.00    0.106473205535704D+08
      4.33      2.52    180.00    0.144149748459524D+07
      4.53      2.42    180.00    0.237391163897113D+04
      4.73      2.42    180.00   -0.438313909104271D+04
      4.13      2.32    170.00    0.188705254172746D+08
      4.13      2.42    170.00    0.144325503982722D+08
      4.23      2.32    170.00    0.217305253252625D+08
      4.23      2.42    170.00    0.238490538498702D+08
      4.23      2.52    170.00   -0.290084613758794D+08
      4.33      2.42    170.00   -0.124472295446288D+08
      4.23      2.42    160.00    0.518517436452266D+07
      4.23      2.42    150.00   -0.723437010995988D+07
