0.9818, 2, 6, 1
      1.35      1.75     70.00   -0.949295766904933D+08
      1.35      2.25     70.00    0.348515300616050D+09
      1.35      2.75     70.00   -0.606414635068425D+09
      1.35      3.50     70.00    0.328876322119344D+10
      1.35      4.50     70.00   -0.193128848159148D+11
      1.35      5.50     70.00    0.351062435267009D+11
      1.35      6.50     70.00   -0.235751954604977D+11
      1.50      1.50     70.00    0.367478823471106D+08
      1.50      2.00     70.00    0.372188879123480D+09
      1.50      2.50     70.00   -0.145427609745720D+10
      1.50      3.00     70.00    0.897423502238238D+09
      1.75      1.75     70.00    0.445291490808416D+09
      1.75      2.25     70.00   -0.248555005231379D+10
      1.75      2.75     70.00    0.100683718502453D+11
      1.75      3.50     70.00   -0.507775951464066D+11
      1.75      4.50     70.00    0.250758520969891D+12
      1.75      5.50     70.00   -0.426767846518706D+12
      1.75      6.50     70.00    0.277073355586549D+12
      2.00      1.50     70.00   -0.102233987648295D+09
      2.00      2.00     70.00   -0.131465371017916D+10
      2.00      2.50     70.00    0.155132284216436D+11
      2.00      3.00     70.00   -0.288639075719635D+11
      2.25      1.75     70.00    0.101599728841199D+10
      2.25      2.25     70.00    0.219649377707588D+10
      2.25      2.75     70.00   -0.532593749507224D+11
      2.25      3.50     70.00    0.390706246251402D+12
      2.25      4.50     70.00   -0.169472693453121D+13
      2.25      5.50     70.00    0.289203937660431D+13
      2.25      6.50     70.00   -0.198449390501339D+13
      2.50      1.50     70.00    0.287760131166075D+09
      2.50      2.00     70.00    0.318210295943535D+10
      2.50      2.50     70.00   -0.553720269500485D+11
      2.50      3.00     70.00    0.113115319061310D+12
      2.75      1.75     70.00   -0.798284161036531D+10
      2.75      2.25     70.00    0.225164288104555D+11
      2.75      2.75     70.00    0.143979630464425D+12
      2.75      3.50     70.00   -0.130188028425922D+13
      2.75      4.50     70.00    0.441205635617017D+13
      2.75      5.50     70.00   -0.785097634968427D+13
      2.75      6.50     70.00    0.814544675155832D+13
      3.00      1.50     70.00    0.945978637562682D+09
      3.00      2.00     70.00    0.934828331215864D+10
      3.00      2.50     70.00   -0.711478785720549D+10
      3.00      3.00     70.00    0.183786074586608D+11
      3.25      1.75     70.00    0.109487962354430D+11
      3.25      2.25     70.00   -0.491687122480506D+11
      3.25      2.75     70.00   -0.174196815223012D+12
      3.25      3.50     70.00    0.145125702238929D+13
      3.25      4.50     70.00   -0.373369651506378D+13
      3.25      5.50     70.00    0.699791634501017D+13
      3.25      6.50     70.00   -0.128361996902225D+14
      3.50      1.50     70.00   -0.614678410540781D+10
      3.50      2.00     70.00   -0.211219307987592D+10
      3.50      2.50     70.00    0.380003299775242D+11
      3.50      3.00     70.00    0.271316349214586D+11
      4.00      1.50     70.00    0.814061491284190D+10
      4.00      2.00     70.00   -0.536767411012029D+11
      4.00      2.50     70.00    0.313565909311012D+12
      4.00      3.00     70.00   -0.870582075451762D+12
      4.00      3.50     70.00    0.992639711134527D+12
      5.00      1.50     70.00   -0.838536607938375D+10
      5.00      2.00     70.00    0.851098045566126D+11
      5.00      2.50     70.00   -0.447585651120382D+12
      5.00      3.00     70.00    0.395125181803505D+12
      5.00      3.50     70.00    0.727722226662932D+12
      6.00      1.50     70.00    0.131799522403808D+10
      6.00      2.00     70.00   -0.121792269944586D+11
      6.00      2.50     70.00   -0.295286603992615D+11
      6.00      3.00     70.00    0.450007668312653D+13
      6.00      3.50     70.00   -0.125351755541164D+14
      1.35      1.75     90.00    0.289654211915488D+09
      1.35      2.25     90.00   -0.120172834652029D+10
      1.35      2.75     90.00    0.712893124728644D+09
      1.35      3.50     90.00   -0.202452383096244D+10
      1.35      4.50     90.00    0.354316616746782D+11
      1.35      5.50     90.00   -0.715079945972685D+11
      1.35      6.50     90.00    0.498175870762150D+11
      1.50      1.50     90.00   -0.750196642931970D+08
      1.50      2.00     90.00   -0.103721238473039D+10
      1.50      2.50     90.00    0.586292763944431D+10
      1.50      3.00     90.00   -0.616829405462344D+10
      1.75      1.75     90.00   -0.897931757877093D+09
      1.75      2.25     90.00    0.629331737796393D+10
      1.75      2.75     90.00   -0.229336351364366D+11
      1.75      3.50     90.00    0.921977591659637D+11
      1.75      4.50     90.00   -0.501480473121244D+12
      1.75      5.50     90.00    0.864529962493615D+12
      1.75      6.50     90.00   -0.551128019952705D+12
      2.00      1.50     90.00    0.195884788948884D+09
      2.00      2.00     90.00    0.289604193688449D+10
      2.00      2.50     90.00   -0.442093197273679D+11
      2.00      3.00     90.00    0.933719225847763D+11
      2.25      1.75     90.00   -0.247450107098187D+10
      2.25      2.25     90.00    0.261391612371404D+10
      2.25      2.75     90.00    0.101150558309080D+12
      2.25      3.50     90.00   -0.836153202875106D+12
      2.25      4.50     90.00    0.338841520185056D+13
      2.25      5.50     90.00   -0.553126458187831D+13
      2.25      6.50     90.00    0.356022398905778D+13
      2.50      1.50     90.00   -0.281714101487368D+09
      2.50      2.00     90.00   -0.942263575199401D+10
      2.50      2.50     90.00    0.116941049788277D+12
      2.50      3.00     90.00   -0.220958301202053D+12
      2.75      1.75     90.00    0.173988640632455D+11
      2.75      2.25     90.00   -0.583826999058391D+11
      2.75      2.75     90.00   -0.245036473382693D+12
      2.75      3.50     90.00    0.253047712848674D+13
      2.75      4.50     90.00   -0.841190295567088D+13
      2.75      5.50     90.00    0.138418745782277D+14
      2.75      6.50     90.00   -0.131343676826427D+14
      3.00      1.50     90.00   -0.285342840357606D+10
      3.00      2.00     90.00   -0.954919117369032D+10
      3.00      2.50     90.00   -0.349196264060087D+10
      3.00      3.00     90.00   -0.764198861437669D+11
      3.25      1.75     90.00   -0.243918041900018D+11
      3.25      2.25     90.00    0.957114118434637D+11
      3.25      2.75     90.00    0.269403314136644D+12
      3.25      3.50     90.00   -0.224567771441297D+13
      3.25      4.50     90.00    0.675454325776195D+13
      3.25      5.50     90.00   -0.114315384664940D+14
      3.25      6.50     90.00    0.197544135305084D+14
      3.50      1.50     90.00    0.133734691574752D+11
      3.50      2.00     90.00   -0.232770389424016D+11
      3.50      2.50     90.00    0.219793396108867D+12
      3.50      3.00     90.00   -0.660832230823073D+12
      4.00      1.50     90.00   -0.158794781849746D+11
      4.00      2.00     90.00    0.164232783884323D+12
      4.00      2.50     90.00   -0.120691895260189D+13
      4.00      3.00     90.00    0.324296123425248D+13
      4.00      3.50     90.00   -0.299569467294223D+13
      5.00      1.50     90.00    0.151199752228899D+11
      5.00      2.00     90.00   -0.261331546766260D+12
      5.00      2.50     90.00    0.189658968932788D+13
      5.00      3.00     90.00   -0.376297512983994D+13
      5.00      3.50     90.00    0.123237182191130D+13
      6.00      1.50     90.00   -0.138352547568732D+10
      6.00      2.00     90.00    0.139835072390847D+12
      6.00      2.50     90.00   -0.123879630775533D+13
      6.00      3.00     90.00   -0.373987107238019D+13
      6.00      3.50     90.00    0.172617276985033D+14
      1.35      1.75    110.00   -0.666876814798216D+09
      1.35      2.25    110.00    0.331986442072371D+10
      1.35      2.75    110.00    0.157989904700539D+10
      1.35      3.50    110.00   -0.201689846296623D+11
      1.35      4.50    110.00   -0.448701881128080D+10
      1.35      5.50    110.00    0.451047521171219D+11
      1.35      6.50    110.00   -0.431773587835620D+11
      1.50      1.50    110.00    0.149275195190585D+09
      1.50      2.00    110.00    0.212720300197222D+10
      1.50      2.50    110.00   -0.185111651951694D+11
      1.50      3.00    110.00    0.253343611899153D+11
      1.75      1.75    110.00    0.866883069416679D+09
      1.75      2.25    110.00   -0.108288872247660D+11
      1.75      2.75    110.00    0.221102414956568D+11
      1.75      3.50    110.00    0.150783864898610D+11
      1.75      4.50    110.00    0.258509478511061D+12
      1.75      5.50    110.00   -0.514423164709446D+12
      1.75      6.50    110.00    0.323557279411172D+12
      2.00      1.50    110.00   -0.224165758112964D+09
      2.00      2.00    110.00   -0.456615980173727D+10
      2.00      2.50    110.00    0.106299517184175D+12
      2.00      3.00    110.00   -0.263541159499433D+12
      2.25      1.75    110.00    0.286332239926026D+10
      2.25      2.25    110.00   -0.348680375106747D+11
      2.25      2.75    110.00    0.957529319850960D+10
      2.25      3.50    110.00    0.643171965975675D+12
      2.25      4.50    110.00   -0.207344886796944D+13
      2.25      5.50    110.00    0.255431413722872D+13
      2.25      6.50    110.00   -0.974762270968740D+12
      2.50      1.50    110.00   -0.951657088391258D+09
      2.50      2.00    110.00    0.249127085914442D+11
      2.50      2.50    110.00   -0.186313831277231D+12
      2.50      3.00    110.00    0.282091467515387D+12
      2.75      1.75    110.00   -0.147975487644201D+11
      2.75      2.25    110.00    0.111550424996031D+12
      2.75      2.75    110.00   -0.123367643414179D+11
      2.75      3.50    110.00   -0.154349872631544D+13
      2.75      4.50    110.00    0.423783310259781D+13
      2.75      5.50    110.00   -0.345026301793422D+13
      2.75      6.50    110.00    0.146624990958173D+13
      3.00      1.50    110.00    0.402619943556838D+10
      3.00      2.00    110.00   -0.408575416428170D+11
      3.00      2.50    110.00    0.123486849363012D+12
      3.00      3.00    110.00    0.101095386425418D+12
      3.25      1.75    110.00    0.193309275488711D+11
      3.25      2.25    110.00   -0.746126685651158D+11
      3.25      2.75    110.00   -0.116777103375221D+11
      3.25      3.50    110.00    0.102634146747963D+12
      3.25      4.50    110.00   -0.197288082024798D+13
      3.25      5.50    110.00   -0.806043367227427D+11
      3.25      6.50    110.00   -0.256067666607913D+13
      3.50      1.50    110.00   -0.291845527330913D+10
      3.50      2.00    110.00    0.801535297811743D+11
      3.50      2.50    110.00   -0.852620076000520D+12
      3.50      3.00    110.00    0.182741240886032D+13
      4.00      1.50    110.00   -0.800541795521808D+10
      4.00      2.00    110.00   -0.191012098853703D+12
      4.00      2.50    110.00    0.218556792971894D+13
      4.00      3.00    110.00   -0.566818054938080D+13
      4.00      3.50    110.00    0.427273818474811D+13
      5.00      1.50    110.00    0.247939300781653D+11
      5.00      2.00    110.00    0.324570247038932D+12
      5.00      2.50    110.00   -0.410265437659562D+13
      5.00      3.00    110.00    0.102876268283631D+14
      5.00      3.50    110.00   -0.720210221140792D+13
      6.00      1.50    110.00   -0.410739779638599D+11
      6.00      2.00    110.00   -0.290088273923654D+12
      6.00      2.50    110.00    0.461951859379640D+13
      6.00      3.00    110.00   -0.946886251038033D+13
      6.00      3.50    110.00    0.135326423088776D+13
      1.35      1.75    130.00    0.259991509610367D+10
      1.35      2.25    130.00   -0.137566580250530D+11
      1.35      2.75    130.00   -0.929953795443659D+10
      1.35      3.50    130.00    0.107014007901252D+12
      1.35      4.50    130.00   -0.912580073882205D+11
      1.35      5.50    130.00    0.316265565990992D+11
      1.35      6.50    130.00    0.623954220862517D+10
      1.50      1.50    130.00   -0.646635774280440D+09
      1.50      2.00    130.00   -0.798561852997052D+10
      1.50      2.50    130.00    0.781733501547634D+11
      1.50      3.00    130.00   -0.111809916981981D+12
      1.75      1.75    130.00   -0.243013998707710D+10
      1.75      2.25    130.00    0.388136201605402D+11
      1.75      2.75    130.00   -0.299293145786138D+11
      1.75      3.50    130.00   -0.449336275358901D+12
      1.75      4.50    130.00    0.379904990721390D+12
      1.75      5.50    130.00   -0.303338381229413D+12
      1.75      6.50    130.00    0.323565104309828D+12
      2.00      1.50    130.00    0.920856069656150D+09
      2.00      2.00    130.00    0.174713620357942D+11
      2.00      2.50    130.00   -0.445560830781576D+12
      2.00      3.00    130.00    0.115811109713051D+13
      2.25      1.75    130.00   -0.458434966516024D+10
      2.25      2.25    130.00    0.170266985102999D+12
      2.25      2.75    130.00   -0.480744940033727D+12
      2.25      3.50    130.00   -0.377915344175433D+12
      2.25      4.50    130.00    0.630311108413253D+12
      2.25      5.50    130.00    0.547906805513742D+12
      2.25      6.50    130.00   -0.154698740598579D+13
      2.50      1.50    130.00    0.415110332003161D+10
      2.50      2.00    130.00   -0.101582573822604D+12
      2.50      2.50    130.00    0.768632064492561D+12
      2.50      3.00    130.00   -0.112477298174333D+13
      2.75      1.75    130.00    0.814419378624217D+10
      2.75      2.25    130.00   -0.412684587907502D+12
      2.75      2.75    130.00    0.760585125378708D+12
      2.75      3.50    130.00    0.980468383026084D+12
      2.75      4.50    130.00   -0.243202081125610D+13
      2.75      5.50    130.00    0.142043170486731D+13
      2.75      6.50    130.00   -0.223328670333953D+13
      3.00      1.50    130.00   -0.165774294164067D+10
      3.00      2.00    130.00    0.219197251583380D+12
      3.00      2.50    130.00   -0.587850908929581D+12
      3.00      3.00    130.00   -0.139421990879139D+12
      3.25      1.75    130.00    0.138998225386120D+11
      3.25      2.25    130.00    0.143950730931944D+12
      3.25      2.75    130.00   -0.332544761079480D+12
      3.25      3.50    130.00    0.210771465360845D+13
      3.25      4.50    130.00   -0.123906455391222D+13
      3.25      5.50    130.00   -0.210777363091594D+13
      3.25      6.50    130.00    0.883533547763473D+13
      3.50      1.50    130.00   -0.768803590510287D+11
      3.50      2.00    130.00   -0.565389839909113D+11
      3.50      2.50    130.00    0.135786125198333D+13
      3.50      3.00    130.00   -0.247291217721099D+13
      4.00      1.50    130.00    0.172924318857704D+12
      4.00      2.00    130.00   -0.308111661402803D+12
      4.00      2.50    130.00   -0.248300266742568D+13
      4.00      3.00    130.00    0.600874306761091D+13
      4.00      3.50    130.00   -0.366393206675225D+13
      5.00      1.50    130.00   -0.315218650317551D+12
      5.00      2.00    130.00    0.546362058095657D+12
      5.00      2.50    130.00    0.642210216155720D+13
      5.00      3.00    130.00   -0.147066224221852D+14
      5.00      3.50    130.00    0.952745767917857D+13
      6.00      1.50    130.00    0.385808777509710D+12
      6.00      2.00    130.00   -0.684905083001344D+12
      6.00      2.50    130.00   -0.884375557764709D+13
      6.00      3.00    130.00    0.208339461925103D+14
      6.00      3.50    130.00   -0.131612021031778D+14
      1.35      1.75    150.00   -0.166221056734316D+11
      1.35      2.25    150.00    0.855274838833175D+11
      1.35      2.75    150.00    0.701238204603006D+11
      1.35      3.50    150.00   -0.705193803889152D+12
      1.35      4.50    150.00    0.640935918219977D+12
      1.35      5.50    150.00   -0.414418690495985D+12
      1.35      6.50    150.00    0.239162999014242D+12
      1.50      1.50    150.00    0.412226935833400D+10
      1.50      2.00    150.00    0.522876123929850D+11
      1.50      2.50    150.00   -0.498757432059985D+12
      1.50      3.00    150.00    0.705189858299898D+12
      1.75      1.75    150.00    0.159620150432432D+11
      1.75      2.25    150.00   -0.251282384682454D+12
      1.75      2.75    150.00    0.142126413931343D+12
      1.75      3.50    150.00    0.311877902543624D+13
      1.75      4.50    150.00   -0.257148670251269D+13
      1.75      5.50    150.00    0.196888270137124D+13
      1.75      6.50    150.00   -0.176417183241565D+13
      2.00      1.50    150.00   -0.618495555690136D+10
      2.00      2.00    150.00   -0.113081376490105D+12
      2.00      2.50    150.00    0.290690150954773D+13
      2.00      3.00    150.00   -0.759492641451571D+13
      2.25      1.75    150.00    0.183124836876497D+11
      2.25      2.25    150.00   -0.104517636818034D+13
      2.25      2.75    150.00    0.307924797225846D+13
      2.25      3.50    150.00    0.344463753355774D+13
      2.25      4.50    150.00   -0.119562315808843D+14
      2.25      5.50    150.00    0.135313193247891D+14
      2.25      6.50    150.00   -0.867054149165308D+13
      2.50      1.50    150.00   -0.250772036058442D+11
      2.50      2.00    150.00    0.585669941642595D+12
      2.50      2.50    150.00   -0.501571155763713D+13
      2.50      3.00    150.00    0.766860759412506D+13
      2.75      1.75    150.00    0.905313265054203D+11
      2.75      2.25    150.00    0.245648000680383D+13
      2.75      2.75    150.00   -0.413371620831365D+13
      2.75      3.50    150.00   -0.145282963540594D+14
      2.75      4.50    150.00    0.533160918508005D+14
      2.75      5.50    150.00   -0.627768469377452D+14
      2.75      6.50    150.00    0.399938943983452D+14
      3.00      1.50    150.00   -0.738241743260764D+11
      3.00      2.00    150.00   -0.116060352864028D+13
      3.00      2.50    150.00    0.321061874054124D+13
      3.00      3.00    150.00    0.166473293965366D+13
      3.25      1.75    150.00   -0.405326703771940D+12
      3.25      2.25    150.00   -0.743184933478700D+12
      3.25      2.75    150.00    0.107344742171513D+13
      3.25      3.50    150.00   -0.149011100956760D+13
      3.25      4.50    150.00   -0.270903359987368D+14
      3.25      5.50    150.00    0.308638532852214D+14
      3.25      6.50    150.00    0.121858662996284D+13
      3.50      1.50    150.00    0.100450739310144D+13
      3.50      2.00    150.00   -0.152248025113008D+13
      3.50      2.50    150.00   -0.216448749484515D+13
      3.50      3.00    150.00    0.399725891174866D+13
      4.00      1.50    150.00   -0.209898839851273D+13
      4.00      2.00    150.00    0.772662041452716D+13
      4.00      2.50    150.00   -0.998481927340953D+12
      4.00      3.00    150.00   -0.544944720517382D+13
      4.00      3.50    150.00    0.423463530359526D+13
      5.00      1.50    150.00    0.418000646209884D+13
      5.00      2.00    150.00   -0.174385333735035D+14
      5.00      2.50    150.00   -0.277745221580321D+13
      5.00      3.00    150.00    0.172631595519708D+14
      5.00      3.50    150.00   -0.886441231947967D+13
      6.00      1.50    150.00   -0.523926867170959D+13
      6.00      2.00    150.00    0.229364283150681D+14
      6.00      2.50    150.00    0.430879723008809D+13
      6.00      3.00    150.00   -0.289797993679198D+14
      6.00      3.50    150.00    0.162601901949996D+14
      1.35      1.75    170.00    0.103355380558262D+12
      1.35      2.25    170.00   -0.525473284034805D+12
      1.35      2.75    170.00   -0.465125611366763D+12
      1.35      3.50    170.00    0.444259807091109D+13
      1.35      4.50    170.00   -0.404487471544180D+13
      1.35      5.50    170.00    0.275175181986774D+13
      1.35      6.50    170.00   -0.171233088736050D+13
      1.50      1.50    170.00   -0.255740350777941D+11
      1.50      2.00    170.00   -0.328517894152073D+12
      1.50      2.50    170.00    0.310159974341292D+13
      1.50      3.00    170.00   -0.436384824096406D+13
      1.75      1.75    170.00   -0.986733232554457D+11
      1.75      2.25    170.00    0.156726996751540D+13
      1.75      2.75    170.00   -0.846643562211178D+12
      1.75      3.50    170.00   -0.194458850331701D+14
      1.75      4.50    170.00    0.147652938530578D+14
      1.75      5.50    170.00   -0.947438753234143D+13
      1.75      6.50    170.00    0.732471299887064D+13
      2.00      1.50    170.00    0.380030099163052D+11
      2.00      2.00    170.00    0.701317642518777D+12
      2.00      2.50    170.00   -0.181449206794297D+14
      2.00      3.00    170.00    0.474431231808034D+14
      2.25      1.75    170.00   -0.100176215815227D+12
      2.25      2.25    170.00    0.638449767713529D+13
      2.25      2.75    170.00   -0.184786686614572D+14
      2.25      3.50    170.00   -0.268624907143204D+14
      2.25      4.50    170.00    0.974307242636421D+14
      2.25      5.50    170.00   -0.117213963916928D+15
      2.25      6.50    170.00    0.838162230693825D+14
      2.50      1.50    170.00    0.159943046779575D+12
      2.50      2.00    170.00   -0.349686284007553D+13
      2.50      2.50    170.00    0.310212639560676D+14
      2.50      3.00    170.00   -0.479889157937130D+14
      2.75      1.75    170.00   -0.831645939928075D+12
      2.75      2.25    170.00   -0.148224730835931D+14
      2.75      2.75    170.00    0.234882745860065D+14
      2.75      3.50    170.00    0.112542928070028D+15
      2.75      4.50    170.00   -0.406549804598880D+15
      2.75      5.50    170.00    0.402358572515761D+15
      2.75      6.50    170.00   -0.159453495841878D+15
      3.00      1.50    170.00    0.622533996935485D+12
      3.00      2.00    170.00    0.671000299644179D+13
      3.00      2.50    170.00   -0.189547572671172D+14
      3.00      3.00    170.00   -0.125805516711424D+14
      3.25      1.75    170.00    0.310716506474694D+13
      3.25      2.25    170.00    0.412683473280403D+13
      3.25      2.75    170.00   -0.493823082240789D+13
      3.25      3.50    170.00   -0.970819983764111D+13
      3.25      4.50    170.00    0.217598981437414D+15
      3.25      5.50    170.00   -0.399906171702859D+14
      3.25      6.50    170.00   -0.381807281976763D+15
      3.50      1.50    170.00   -0.729211731688385D+13
      3.50      2.00    170.00    0.129343590709556D+14
      3.50      2.50    170.00    0.731024427732597D+13
      3.50      3.00    170.00   -0.167873650910227D+14
      4.00      1.50    170.00    0.151604510937377D+14
      4.00      2.00    170.00   -0.588627665136613D+14
      4.00      2.50    170.00    0.247618174438261D+14
      4.00      3.00    170.00    0.139596232196203D+14
      4.00      3.50    170.00   -0.230359699956467D+14
      5.00      1.50    170.00   -0.308036404521587D+14
      5.00      2.00    170.00    0.136808563940263D+15
      5.00      2.50    170.00   -0.347985019928712D+14
      5.00      3.00    170.00   -0.430928787791449D+14
      5.00      3.50    170.00    0.310208356325041D+14
      6.00      1.50    170.00    0.388208722430970D+14
      6.00      2.00    170.00   -0.181279606307173D+15
      6.00      2.50    170.00    0.503939836271863D+14
      6.00      3.00    170.00    0.739200605777415D+14
      6.00      3.50    170.00   -0.476495875698134D+14
      1.35      1.75    180.00   -0.888617247425017D+11
      1.35      2.25    180.00    0.451236834027090D+12
      1.35      2.75    180.00    0.402603926888443D+12
      1.35      3.50    180.00   -0.382543453621596D+13
      1.35      4.50    180.00    0.348320759784000D+13
      1.35      5.50    180.00   -0.237701331678104D+13
      1.35      6.50    180.00    0.148341043488697D+13
      1.50      1.50    180.00    0.219888642912489D+11
      1.50      2.00    180.00    0.282758169983910D+12
      1.50      2.50    180.00   -0.266691821493054D+13
      1.50      3.00    180.00    0.375038498136575D+13
      1.75      1.75    180.00    0.847367511684593D+11
      1.75      2.25    180.00   -0.134780609980513D+13
      1.75      2.75    180.00    0.725304164923252D+12
      1.75      3.50    180.00    0.167190527852141D+14
      1.75      4.50    180.00   -0.125768369242133D+14
      1.75      5.50    180.00    0.787747861039240D+13
      1.75      6.50    180.00   -0.592814349634281D+13
      2.00      1.50    180.00   -0.326110900883975D+11
      2.00      2.00    180.00   -0.602750963380437D+12
      2.00      2.50    180.00    0.156062351271966D+14
      2.00      3.00    180.00   -0.408076559666205D+14
      2.25      1.75    180.00    0.850568425905163D+11
      2.25      2.25    180.00   -0.547944321461553D+13
      2.25      2.75    180.00    0.158220554591143D+14
      2.25      3.50    180.00    0.236039407785873D+14
      2.25      4.50    180.00   -0.857583650274069D+14
      2.25      5.50    180.00    0.103279852171237D+15
      2.25      6.50    180.00   -0.742406848883064D+14
      2.50      1.50    180.00   -0.138064069928260D+12
      2.50      2.00    180.00    0.299417925851978D+13
      2.50      2.50    180.00   -0.266509800102165D+14
      2.50      3.00    180.00    0.412741323750833D+14
      2.75      1.75    180.00    0.738203075073173D+12
      2.75      2.25    180.00    0.127034175315538D+14
      2.75      2.75    180.00   -0.199987191111825D+14
      2.75      3.50    180.00   -0.987036214335198D+14
      2.75      4.50    180.00    0.355509050583560D+15
      2.75      5.50    180.00   -0.343716105465788D+15
      2.75      6.50    180.00    0.125424318121122D+15
      3.00      1.50    180.00   -0.549163436386978D+12
      3.00      2.00    180.00   -0.572737148857656D+13
      3.00      2.50    180.00    0.162194989302781D+14
      3.00      3.00    180.00    0.110107062078437D+14
      3.25      1.75    180.00   -0.272141178114933D+13
      3.25      2.25    180.00   -0.350072509987901D+13
      3.25      2.75    180.00    0.410858548776237D+13
      3.25      3.50    180.00    0.982119506764820D+13
      3.25      4.50    180.00   -0.190364970351009D+15
      3.25      5.50    180.00    0.158922122284110D+14
      3.25      6.50    180.00    0.366985357707729D+15
      3.50      1.50    180.00    0.636007430081718D+13
      3.50      2.00    180.00   -0.114103174386045D+14
      3.50      2.50    180.00   -0.590488600989045D+13
      3.50      3.00    180.00    0.140628690819415D+14
      4.00      1.50    180.00   -0.132184966855484D+14
      4.00      2.00    180.00    0.515241007944835D+14
      4.00      2.50    180.00   -0.225708031840068D+14
      4.00      3.00    180.00   -0.112304366813071D+14
      4.00      3.50    180.00    0.202108497902548D+14
      5.00      1.50    180.00    0.269073673783938D+14
      5.00      2.00    180.00   -0.120064210688475D+15
      5.00      2.50    180.00    0.338047173147081D+14
      5.00      3.00    180.00    0.336082412054269D+14
      5.00      3.50    180.00   -0.264158667780980D+14
      6.00      1.50    180.00   -0.339269132201239D+14
      6.00      2.00    180.00    0.159193448037416D+15
      6.00      2.50    180.00   -0.492254250834779D+14
      6.00      3.00    180.00   -0.568701468766087D+14
      6.00      3.50    180.00    0.379523168755721D+14
