0.9807, 2, 6, 1
      1.84      4.78     51.80    0.130252085436036D+08
      1.74      4.78     56.80   -0.172552964065571D+08
      1.84      4.68     56.80    0.275784078810425D+09
      1.84      4.78     56.80   -0.289228185055504D+09
      1.64      4.78     61.80    0.362984443815801D+05
      1.74      4.68     61.80   -0.106757869394930D+09
      1.74      4.78     61.80    0.121559267568710D+09
      1.74      4.88     61.80    0.282881863200166D+08
      1.84      4.58     61.80    0.558111663856384D+08
      1.84      4.68     61.80   -0.234518881026727D+09
      1.84      4.78     61.80    0.192854199129611D+09
      1.84      4.88     61.80   -0.142442276030586D+08
      1.94      4.68     61.80    0.214957761491321D+08
      1.94      4.78     61.80   -0.584587534119273D+08
      1.54      4.78     66.80    0.133963203424204D+05
      1.64      4.68     66.80    0.813541159049432D+06
      1.64      4.78     66.80   -0.868354296610876D+06
      1.74      4.58     66.80    0.139578227044473D+07
      1.74      4.68     66.80    0.136661590606175D+08
      1.74      4.78     66.80   -0.267328064035384D+07
      1.74      4.88     66.80   -0.312995137540908D+08
      1.84      4.48     66.80   -0.466619482676099D+06
      1.84      4.58     66.80   -0.563854740345391D+08
      1.84      4.68     66.80   -0.117414593690137D+09
      1.84      4.78     66.80    0.109763087622375D+09
      1.84      4.88     66.80    0.266342057998273D+08
      1.84      5.08     66.80    0.221813894083207D+06
      1.84      5.28     66.80   -0.419037136948401D+06
      1.94      4.68     66.80   -0.264239191688433D+08
      1.94      4.78     66.80    0.110533670085863D+09
      1.94      4.88     66.80   -0.633951060304180D+07
      2.14      4.78     66.80    0.128989759569358D+06
      2.34      4.78     66.80   -0.774265750167262D+06
      1.84      9.28     66.80   -0.421997802156917D+04
      1.84     10.28     66.80    0.175754152036552D+05
      1.84     12.28     66.80    0.128712792420743D+05
      1.84     16.28     66.80   -0.725845387910425D+04
      1.35      1.75     70.00    0.162336012530900D+07
      1.35      2.25     70.00    0.253871114752434D+06
      1.35      2.75     70.00   -0.230988979585267D+07
      1.35      3.50     70.00    0.168422653378533D+07
      1.35      4.50     70.00   -0.207692293837504D+07
      1.35      5.50     70.00    0.157454970973032D+07
      1.35      6.50     70.00   -0.678581697983101D+06
      1.50      1.50     70.00    0.438227625838627D+07
      1.50      2.00     70.00   -0.212021385016175D+07
      1.50      2.50     70.00   -0.320119769344699D+07
      1.50      3.00     70.00    0.258475284365255D+07
      1.75      1.75     70.00   -0.430655008147127D+06
      1.75      2.25     70.00   -0.683798975024466D+06
      1.75      2.75     70.00    0.801535513658076D+07
      1.75      3.50     70.00   -0.171064563668575D+08
      1.75      4.50     70.00    0.263115341224086D+08
      1.75      5.50     70.00   -0.262984890946099D+08
      1.75      6.50     70.00    0.920947228307602D+07
      2.00      1.50     70.00   -0.838037790052910D+06
      2.00      2.00     70.00    0.566428587475795D+07
      2.00      2.50     70.00   -0.353242120693303D+06
      2.00      3.00     70.00   -0.832412646678662D+07
      2.25      1.75     70.00   -0.513472252373127D+06
      2.25      2.25     70.00   -0.484260191732610D+07
      2.25      2.75     70.00   -0.111970894787815D+08
      2.25      3.50     70.00    0.737514969246954D+08
      2.25      4.50     70.00   -0.150832778788761D+09
      2.25      5.50     70.00    0.142375441527576D+09
      2.25      6.50     70.00   -0.538884454068707D+08
      2.50      1.50     70.00   -0.220554834263855D+07
      2.50      2.00     70.00   -0.516907426885197D+07
      2.50      2.50     70.00    0.449036251979891D+07
      2.50      3.00     70.00    0.906465134185896D+07
      2.75      1.75     70.00   -0.599191935797860D+07
      2.75      2.25     70.00    0.146681470799536D+08
      2.75      2.75     70.00    0.202434278067429D+08
      2.75      3.50     70.00   -0.140749145212899D+09
      2.75      4.50     70.00    0.282491514024374D+09
      2.75      5.50     70.00   -0.279699182582418D+09
      2.75      6.50     70.00    0.117457100688551D+09
      3.00      1.50     70.00    0.325860229991593D+07
      3.00      2.00     70.00    0.339337205474330D+07
      3.00      2.50     70.00   -0.208458356883333D+08
      3.00      3.00     70.00    0.344029974398891D+08
      3.25      1.75     70.00    0.804196785053779D+07
      3.25      2.25     70.00   -0.142162487290374D+08
      3.25      2.75     70.00   -0.122599350471739D+08
      3.25      3.50     70.00    0.810619444408713D+08
      3.25      4.50     70.00   -0.232658636336226D+09
      3.25      5.50     70.00    0.198595217624983D+09
      3.25      6.50     70.00   -0.849841115454984D+08
      3.50      1.50     70.00   -0.758438900531135D+07
      3.50      2.00     70.00    0.241382398817282D+07
      3.50      2.50     70.00    0.888419082462730D+07
      3.50      3.00     70.00    0.448238045301470D+07
      4.00      1.50     70.00    0.679500331741007D+07
      4.00      2.00     70.00   -0.116913768344803D+08
      4.00      2.50     70.00    0.396214319258950D+08
      4.00      3.00     70.00   -0.108212873100153D+09
      4.00      3.50     70.00    0.916620944769462D+08
      5.00      1.50     70.00   -0.460332237727064D+07
      5.00      2.00     70.00    0.168350512389789D+08
      5.00      2.50     70.00   -0.685312359157207D+08
      5.00      3.00     70.00    0.153709033276666D+09
      5.00      3.50     70.00   -0.134703295235132D+09
      6.00      1.50     70.00    0.222048201115791D+07
      6.00      2.00     70.00   -0.144825987234368D+08
      6.00      2.50     70.00    0.668232102913545D+08
      6.00      3.00     70.00   -0.142606668592521D+09
      6.00      3.50     70.00    0.944257705046263D+08
      1.74      4.68     71.80    0.813233091574693D+08
      1.74      4.78     71.80   -0.882230795857315D+08
      1.84      4.68     71.80    0.927637018427467D+08
      1.84      4.78     71.80   -0.459660449413993D+08
      1.84      4.88     71.80   -0.309877982786535D+07
      1.94      4.78     71.80   -0.407772555299048D+08
      1.84      4.78     76.80    0.122152957620707D+08
      1.84      4.78     81.80   -0.174496804602143D+08
      1.35      1.75     90.00   -0.266471125084136D+07
      1.35      2.25     90.00   -0.540666566049490D+06
      1.35      2.75     90.00    0.402230017437224D+07
      1.35      3.50     90.00   -0.304297939071292D+07
      1.35      4.50     90.00    0.398548394742619D+07
      1.35      5.50     90.00   -0.314677293571598D+07
      1.35      6.50     90.00    0.123154402322339D+07
      1.50      1.50     90.00   -0.729157061342591D+07
      1.50      2.00     90.00    0.323022397732310D+07
      1.50      2.50     90.00    0.581921339436059D+07
      1.50      3.00     90.00   -0.447354622974256D+07
      1.75      1.75     90.00    0.397226362643762D+06
      1.75      2.25     90.00    0.185586306548440D+07
      1.75      2.75     90.00   -0.146726824546710D+08
      1.75      3.50     90.00    0.311202568194679D+08
      1.75      4.50     90.00   -0.497358064677565D+08
      1.75      5.50     90.00    0.460698608757382D+08
      1.75      6.50     90.00   -0.159833853983777D+08
      2.00      1.50     90.00    0.116881055599094D+07
      2.00      2.00     90.00   -0.938410700587668D+07
      2.00      2.50     90.00    0.525012239566891D+06
      2.00      3.00     90.00    0.141355742752046D+08
      2.25      1.75     90.00    0.103892882325848D+07
      2.25      2.25     90.00    0.826379730086865D+07
      2.25      2.75     90.00    0.216171252811688D+08
      2.25      3.50     90.00   -0.133837407953869D+09
      2.25      4.50     90.00    0.266197528175314D+09
      2.25      5.50     90.00   -0.248041262874783D+09
      2.25      6.50     90.00    0.936683647829300D+08
      2.50      1.50     90.00    0.386976939037966D+07
      2.50      2.00     90.00    0.933581416236211D+07
      2.50      2.50     90.00   -0.879148597353218D+07
      2.50      3.00     90.00   -0.139629520599047D+08
      2.75      1.75     90.00    0.109156455938582D+08
      2.75      2.25     90.00   -0.263312618571909D+08
      2.75      2.75     90.00   -0.359763671405590D+08
      2.75      3.50     90.00    0.247503258064806D+09
      2.75      4.50     90.00   -0.497314147944458D+09
      2.75      5.50     90.00    0.490987489573330D+09
      2.75      6.50     90.00   -0.204990538148456D+09
      3.00      1.50     90.00   -0.594401219956740D+07
      3.00      2.00     90.00   -0.644107704117909D+07
      3.00      2.50     90.00    0.381165783038014D+08
      3.00      3.00     90.00   -0.612738144163936D+08
      3.25      1.75     90.00   -0.144992822320065D+08
      3.25      2.25     90.00    0.257370686417682D+08
      3.25      2.75     90.00    0.199857056973989D+08
      3.25      3.50     90.00   -0.138847455171625D+09
      3.25      4.50     90.00    0.407971123349681D+09
      3.25      5.50     90.00   -0.349354783123576D+09
      3.25      6.50     90.00    0.147806988364690D+09
      3.50      1.50     90.00    0.138596333381821D+08
      3.50      2.00     90.00   -0.465730346858256D+07
      3.50      2.50     90.00   -0.142312675516815D+08
      3.50      3.00     90.00   -0.106196748887484D+08
      4.00      1.50     90.00   -0.122765600395279D+08
      4.00      2.00     90.00    0.214495713181558D+08
      4.00      2.50     90.00   -0.743028074748866D+08
      4.00      3.00     90.00    0.197938037807200D+09
      4.00      3.50     90.00   -0.164926821689027D+09
      5.00      1.50     90.00    0.822829289678790D+07
      5.00      2.00     90.00   -0.311469619691668D+08
      5.00      2.50     90.00    0.127719807386715D+09
      5.00      3.00     90.00   -0.285043696245577D+09
      5.00      3.50     90.00    0.244839375915883D+09
      6.00      1.50     90.00   -0.423771166512684D+07
      6.00      2.00     90.00    0.271955910080818D+08
      6.00      2.50     90.00   -0.125445850055411D+09
      6.00      3.00     90.00    0.268430800710945D+09
      6.00      3.50     90.00   -0.179813146203442D+09
      1.35      1.75    110.00    0.111106137261893D+07
      1.35      2.25    110.00    0.281056972856640D+06
      1.35      2.75    110.00   -0.176434074331480D+07
      1.35      3.50    110.00    0.138562295731614D+07
      1.35      4.50    110.00   -0.194365871792521D+07
      1.35      5.50    110.00    0.159926657344830D+07
      1.35      6.50    110.00   -0.577541929391655D+06
      1.50      1.50    110.00    0.307874365359810D+07
      1.50      2.00    110.00   -0.123468511776948D+07
      1.50      2.50    110.00   -0.266666199322251D+07
      1.50      3.00    110.00    0.194344788834737D+07
      1.75      1.75    110.00   -0.318086734228204D+05
      1.75      2.25    110.00   -0.108050235914208D+07
      1.75      2.75    110.00    0.675207711266078D+07
      1.75      3.50    110.00   -0.142636503367151D+08
      1.75      4.50    110.00    0.239817971413119D+08
      1.75      5.50    110.00   -0.203697489669516D+08
      1.75      6.50    110.00    0.703068488774663D+07
      2.00      1.50    110.00   -0.389415029046830D+06
      2.00      2.00    110.00    0.394723811442968D+07
      2.00      2.50    110.00   -0.203243323885596D+06
      2.00      3.00    110.00   -0.603611019917263D+07
      2.25      1.75    110.00   -0.514945033835985D+06
      2.25      2.25    110.00   -0.358630140161697D+07
      2.25      2.75    110.00   -0.103754185028540D+08
      2.25      3.50    110.00    0.611156010767299D+08
      2.25      4.50    110.00   -0.118272206009496D+09
      2.25      5.50    110.00    0.109333811772965D+09
      2.25      6.50    110.00   -0.411791238140642D+08
      2.50      1.50    110.00   -0.171952125593894D+07
      2.50      2.00    110.00   -0.425717795913464D+07
      2.50      2.50    110.00    0.430966736604075D+07
      2.50      3.00    110.00    0.540803512289314D+07
      2.75      1.75    110.00   -0.501470224646543D+07
      2.75      2.25    110.00    0.119487221814626D+08
      2.75      2.75    110.00    0.160490993748776D+08
      2.75      3.50    110.00   -0.109633951789070D+09
      2.75      4.50    110.00    0.220816998238763D+09
      2.75      5.50    110.00   -0.217575136874405D+09
      2.75      6.50    110.00    0.903417487815279D+08
      3.00      1.50    110.00    0.273294087340008D+07
      3.00      2.00    110.00    0.304678379161383D+07
      3.00      2.50    110.00   -0.175213524141690D+08
      3.00      3.00    110.00    0.274965739776924D+08
      3.25      1.75    110.00    0.661264015394086D+07
      3.25      2.25    110.00   -0.117670613438626D+08
      3.25      2.75    110.00   -0.815074509521863D+07
      3.25      3.50    110.00    0.598960119667641D+08
      3.25      4.50    110.00   -0.180087728280012D+09
      3.25      5.50    110.00    0.154796110323488D+09
      3.25      6.50    110.00   -0.648496660913631D+08
      3.50      1.50    110.00   -0.639251656019242D+07
      3.50      2.00    110.00    0.226613072121274D+07
      3.50      2.50    110.00    0.562059101703098D+07
      3.50      3.00    110.00    0.599310681120848D+07
      4.00      1.50    110.00    0.559371867425197D+07
      4.00      2.00    110.00   -0.994498939979058D+07
      4.00      2.50    110.00    0.351237684207120D+08
      4.00      3.00    110.00   -0.914438489825679D+08
      4.00      3.50    110.00    0.749170044347686D+08
      5.00      1.50    110.00   -0.370993666470466D+07
      5.00      2.00    110.00    0.145002260448167D+08
      5.00      2.50    110.00   -0.599357437464091D+08
      5.00      3.00    110.00    0.133181829518071D+09
      5.00      3.50    110.00   -0.112465114452166D+09
      6.00      1.50    110.00    0.198244982316582D+07
      6.00      2.00    110.00   -0.127673522097056D+08
      6.00      2.50    110.00    0.591454922055606D+08
      6.00      3.00    110.00   -0.126970391592333D+09
      6.00      3.50    110.00    0.859075640984734D+08
